4889820621588036
1111111111111111
4889820621588036
4024007146134324
4889820621581
5191122942282740
5311206180756245
5309728364248867
370277640564353
376014184424767
348918890030228
6011310576103086
6011509950312375
6011801088750182
6555971045925854
6221277704592587
222222222222222
4889820621588037
4024007146134325
4889820621586
40240071461343251
488982062158

5191122942282741
5311206180756242
5309728364248863
53112061807562427
530972836424886
5791122942282741

370277640564355
376014184424768
62212777045925877
6221277704592585
6231277704592587
3489188900302286
37601418442476

333333333333333



